5 5
5
4 2
1 4
4 1
3 3
5 3
10 15
24
8 3
3 7
9 3
4 3
6 7
6 9
7 8
10 13
1 5
8 11
7 3
2 15
1 3
9 13
5 4
2 10
7 14
8 7
5 12
3 14
7 10
3 11
8 4
1 15
20 20
90
7 16
12 12
19 20
8 20
13 11
19 8
4 8
12 6
10 5
6 10
8 16
18 11
14 16
20 7
12 20
9 15
3 15
8 15
4 15
9 10
9 1
8 9
19 6
9 14
8 10
16 12
2 8
15 5
6 4
10 16
1 5
6 7
13 16
8 19
16 7
20 14
13 17
4 2
11 8
8 8
7 13
10 6
10 15
13 10
12 1
20 5
9 9
11 16
15 7
1 7
12 18
11 7
15 17
9 12
10 9
5 8
16 20
20 4
17 17
7 3
5 15
11 15
14 3
15 6
12 11
19 15
12 4
1 20
17 18
18 16
18 8
14 2
1 18
8 3
7 8
15 13
19 16
14 7
2 11
3 18
2 6
4 5
15 3
18 4
10 10
16 13
17 20
3 2
9 11
12 17
25 25
200
20 11
4 20
7 24
6 11
6 23
8 15
4 11
5 21
16 13
1 19
22 18
3 16
6 15
10 3
24 21
8 25
18 4
11 8
22 19
21 6
10 8
10 16
1 6
8 16
22 4
8 4
1 10
20 12
18 13
6 2
8 21
19 23
1 21
10 25
12 19
21 3
7 17
19 17
18 14
3 17
20 3
3 22
12 11
20 18
12 4
12 16
10 22
14 17
10 23
18 8
17 11
12 9
15 16
16 24
2 3
24 18
4 16
19 6
1 24
9 20
22 5
24 7
7 21
24 24
16 20
24 13
23 5
3 20
6 19
15 17
18 20
24 11
5 12
2 5
9 22
7 13
19 10
12 6
11 25
1 20
15 24
1 8
4 4
15 4
1 9
18 5
20 2
11 23
21 1
15 14
20 19
19 21
8 1
5 8
16 11
23 20
11 11
13 5
2 17
16 8
5 20
12 14
8 24
25 9
21 14
20 9
9 13
1 3
6 17
10 13
20 6
19 12
14 10
18 2
19 7
25 15
17 25
15 6
9 16
23 2
10 21
1 15
25 7
19 19
10 24
15 9
14 6
5 24
16 7
13 7
3 14
7 5
21 24
23 25
10 19
21 7
18 23
19 22
10 6
9 23
22 1
11 9
2 15
13 18
25 19
20 23
16 22
25 23
15 22
1 17
3 15
19 15
13 12
2 8
11 14
24 22
16 15
5 4
9 21
13 10
22 11
4 22
15 11
7 25
22 9
21 23
23 9
12 1
18 21
14 4
16 5
16 1
17 10
1 2
4 13
2 24
14 21
13 17
12 21
19 14
24 14
21 15
15 2
20 5
10 1
15 19
13 6
6 7
9 15
6 4
11 20
9 8
16 2
25 1
21 21
24 16
19 8
4 19
24 1
25 8
25 25
127
4 5
25 17
8 9
16 9
7 6
12 24
18 24
14 5
22 12
9 23
8 1
7 11
1 12
22 16
17 9
4 11
9 10
2 13
7 19
21 4
23 11
21 15
13 16
24 18
18 1
8 13
14 22
20 16
2 19
11 12
13 23
18 7
24 24
24 22
17 21
13 15
10 11
20 25
8 12
16 1
17 17
7 9
18 19
8 4
11 5
17 19
18 15
17 23
25 22
10 17
19 12
15 2
7 15
5 13
18 20
24 6
16 7
23 9
22 2
14 23
6 11
1 20
20 15
3 19
12 12
21 20
17 7
22 21
11 15
4 2
24 5
3 10
20 6
11 4
18 2
10 7
18 22
6 2
20 11
10 22
16 10
22 15
15 10
1 11
3 11
14 6
4 6
12 25
13 6
6 25
19 9
12 8
15 4
21 18
8 18
2 23
6 15
5 21
15 22
23 16
5 6
7 18
21 11
5 25
8 8
22 10
3 21
23 17
3 14
6 19
13 25
20 22
9 7
18 16
3 3
15 13
22 13
3 25
1 22
2 21
10 15
3 1
19 3
16 16
24 19
14 11
13 10